
===== Token-level results =====


label		accuracy	precision	recall		f1

<note>		96.82		55.44		61.38		58.26
<title>		99.28		90.03		91.5		90.76
<date>		99.8		70.03		82.53		75.77
<intro>		87.45		48.63		54.67		51.47
<pubnum>		99.77		84.5		76.76		80.44
<address>		99.52		95.16		85.81		90.24
<email>		99.77		92.49		90.1		91.28
<entitle>		99.98		100		31.25		47.62
<author>		99.58		96.71		92.96		94.8
<affiliation>	99.07		93.14		83.44		88.02
<reference>		99.22		76.58		70.64		73.49
<submission>	99.91		94.93		90.73		92.78
<keyword>		99.51		79.15		89.66		84.08
<abstract>		91.28		87.69		91.95		89.77
<phone>		99.89		56		70		62.22
<web>		99.66		73.29		72.97		73.13
<copyright>		99.71		85.08		81.07		83.02
<grant>		99.92		91.97		91.17		91.57
<dedication>	100		100		100		100
<date-submission>	99.99		88.24		44.12		58.82
<collaboration>	99.99		100		16.67		28.57
<degree>		96.81		57.43		1.85		3.59

all fields		98.5		80.19		80.19 		80.19	(micro average)
			98.5		82.57		71.42		73.17	(macro average)

===== Field-level results =====

label		accuracy	precision	recall		f1

<note>		94.69		63.29		63.29		63.29
<title>		97.57		90.97		87.3		89.09
<date>		98.72		75.86		83.97		79.71
<intro>		98.74		67.95		63.86		65.84
<pubnum>		99.15		82.29		79.8		81.03
<address>		97.71		93.23		86.64		89.82
<email>		99.43		94.55		94.12		94.33
<entitle>		99.95		100		33.33		50
<author>		97.78		92.08		88.22		90.11
<affiliation>	96.96		89.53		87.54		88.52
<reference>		98.24		76.43		70.86		73.54
<submission>	99.5		90.22		86.46		88.3
<keyword>		99.57		89.52		92.16		90.82
<abstract>		98.03		86.89		88.41		87.64
<phone>		99.7		66.67		63.16		64.86
<web>		99.38		74.14		78.18		76.11
<copyright>		99.36		87.18		79.07		82.93
<grant>		99.89		95		82.61		88.37
<dedication>	100		100		100		100
<date-submission>	99.91		83.33		62.5		71.43
<collaboration>	99.91		100		20		33.33
<degree>		99.68		75		33.33		46.15

all fields		98.81		86.31		83.67 		84.97	(micro average)
			98.81		85.19		73.85		77.06	(macro average)

===== Instance-level results =====

Total expected instances: 		534
Correct instances: 		223
Instance-level recall:	41.76

===== Confusion matrix =====

<note>	3172	378	32	671	43	9	35	0	37	64	81	18	54	344	0	31	131	13	0	0	0	55
<title>	180	5050	0	92	11	7	6	0	11	41	74	0	0	33	0	4	8	0	0	2	0	0
<date>	22	0	444	11	7	20	0	0	0	3	11	14	0	3	0	3	0	0	0	0	0	0
<intro>	636	34	28	9523	26	3	0	0	7	5	2	0	0	7096	0	33	26	0	0	0	0	0
<pubnum>	65	8	4	10	687	1	0	0	0	0	67	0	13	0	21	19	0	0	0	0	0	0
<address>	37	0	9	193	3	3145	12	0	11	122	92	0	0	14	0	27	0	0	0	0	0	0
<email>	16	0	0	48	16	2	1748	0	9	4	6	0	0	19	69	3	0	0	0	0	0	0
<entitle>	16	17	0	0	0	0	0	15	0	0	0	0	0	0	0	0	0	0	0	0	0	0
<author>	147	1	0	73	0	20	17	0	5492	54	31	0	35	22	0	14	0	0	0	0	0	2
<affiliation>	156	13	0	610	0	72	7	0	69	4877	18	0	0	2	0	2	5	14	0	0	0	0
<reference>	207	68	32	129	15	18	4	0	34	37	1547	0	23	67	0	6	3	0	0	0	0	0
<submission>	7	1	76	0	0	0	1	0	0	3	0	861	0	0	0	0	0	0	0	0	0	0
<keyword>	20	0	0	99	0	0	0	0	0	0	46	0	1830	47	0	0	0	0	0	0	0	0
<abstract>	527	29	0	3753	0	0	0	0	4	0	19	0	357	54761	0	95	8	0	0	0	0	0
<phone>	4	0	0	0	0	5	40	0	0	0	5	0	0	0	126	0	0	0	0	0	0	0
<web>	182	3	0	39	0	0	5	0	5	0	5	4	0	3	0	664	0	0	0	0	0	0
<copyright>	115	7	1	15	0	0	15	0	0	11	16	3	0	10	9	5	1032	28	0	0	0	6
<grant>	6	0	0	22	5	0	0	0	0	0	0	0	0	28	0	0	0	630	0	0	0	0
<dedication>	0	0	0	0	0	0	0	0	0	0	0	0	0	0	0	0	0	0	56	0	0	0
<date-submission>	4	0	8	0	0	0	0	0	0	0	0	7	0	0	0	0	0	0	0	15	0	0
<collaboration>	7	0	0	0	0	0	0	0	0	3	0	0	0	0	0	0	0	0	0	0	2	0
<degree>	195	0	0	4294	0	3	0	0	0	12	0	0	0	0	0	0	0	0	0	0	0	85


