
===== Token-level results =====


label		accuracy	precision	recall		f1

<submission>	99.83		88.45		84.61		86.49
<date-submission>	99.94		100		6.67		12.5
<title>		99.15		89.47		89.77		89.62
<author>		99.44		89.83		95.31		92.49
<affiliation>	99.4		90.52		92.91		91.7
<address>		99.66		93.39		92.11		92.74
<reference>		99.37		78.44		79.05		78.75
<abstract>		90.71		87.4		92.01		89.65
<note>		95.89		59.92		45.05		51.43
<intro>		90.46		72.36		63.93		67.89
<email>		99.76		87.35		91.37		89.31
<date>		99.8		74.14		75.73		74.93
<keyword>		99.62		77.75		99.3		87.21
<phone>		99.89		85.48		46.9		60.57
<copyright>		99.49		59.67		76.46		67.03
<web>		99.89		88.78		88.06		88.42
<grant>		99.71		85.79		69.87		77.02
<dedication>	99.86		24.28		100		39.07
<pubnum>		99.8		80.38		81.2		80.79
<entitle>		99.96		0		0		0
<degree>		99.9		68.72		71.08		69.88

all fields		98.64		83.39		83.39 		83.39	(micro average)
			98.64		75.34		73.4		70.83	(macro average)

===== Field-level results =====

label		accuracy	precision	recall		f1

<submission>	99.21		84.88		80.22		82.49
<date-submission>	99.77		100		18.18		30.77
<title>		97.13		87.77		87.96		87.86
<author>		97.84		90.49		89.86		90.17
<affiliation>	97.18		89.07		88.53		88.8
<address>		98.27		92.96		90.76		91.85
<reference>		98.09		73.08		77.55		75.25
<abstract>		98.04		84.89		91.23		87.95
<note>		94.13		64.14		59.42		61.69
<intro>		98.47		73.2		67.62		70.3
<email>		99.36		92.73		92.17		92.45
<date>		98.8		80.99		80.33		80.66
<keyword>		99.62		87.88		96.67		92.06
<phone>		99.72		90.91		50		64.52
<copyright>		99.29		81.54		76.81		79.1
<web>		99.57		80.49		78.57		79.52
<grant>		99.75		68.42		76.47		72.22
<dedication>	99.95		71.43		100		83.33
<pubnum>		99.21		78.82		83.75		81.21
<entitle>		99.92		0		0		0
<degree>		99.8		72.73		61.54		66.67

all fields		98.72		84.86		84.09 		84.48	(micro average)
			98.72		78.4		73.7		74.23	(macro average)

===== Instance-level results =====

Total expected instances: 		499
Correct instances: 		186
Instance-level recall:	37.27

===== Confusion matrix =====

<submission>	720	0	0	0	0	0	9	10	49	0	6	56	0	0	1	0	0	0	0	0	0
<date-submission>	43	6	0	0	0	0	3	0	5	18	0	15	0	0	0	0	0	0	0	0	0
<title>	4	0	4811	12	31	0	61	182	133	105	0	2	0	0	8	1	0	0	9	0	0
<author>	1	0	5	4531	32	0	28	0	124	21	1	0	0	0	0	0	0	0	11	0	0
<affiliation>	0	0	6	49	4323	106	12	4	118	10	7	0	0	0	0	0	0	0	0	0	18
<address>	0	0	0	26	104	2812	10	12	31	19	19	2	0	0	2	0	10	0	0	0	6
<reference>	8	0	26	63	24	5	1521	66	105	24	11	17	23	0	8	6	0	0	17	0	0
<abstract>	0	0	103	34	0	0	31	52453	126	3975	2	0	103	0	0	0	0	181	0	0	0
<note>	23	0	262	289	240	57	160	1043	2837	665	10	35	268	0	187	3	96	0	81	0	42
<intro>	0	0	129	9	0	0	52	6119	710	13148	5	5	80	0	238	59	0	3	8	0	0
<email>	0	0	0	10	0	13	6	10	60	5	1291	0	0	18	0	0	0	0	0	0	0
<date>	12	0	0	0	0	8	29	1	54	10	0	390	0	0	6	0	0	0	5	0	0
<keyword>	3	0	0	0	0	0	0	7	0	2	0	0	1705	0	0	0	0	0	0	0	0
<phone>	0	0	0	0	0	5	5	0	20	0	90	0	0	106	0	0	0	0	0	0	0
<copyright>	0	0	8	3	6	0	6	36	87	57	0	3	0	0	682	0	0	0	4	0	0
<web>	0	0	0	0	0	0	2	1	22	19	30	0	0	0	0	546	0	0	0	0	0
<grant>	0	0	0	0	9	5	0	1	180	75	6	0	0	0	0	0	640	0	0	0	0
<dedication>	0	0	0	0	0	0	0	0	0	0	0	0	0	0	0	0	0	59	0	0	0
<pubnum>	0	0	14	3	7	0	4	23	34	17	0	1	14	0	11	0	0	0	553	0	0
<entitle>	0	0	9	0	0	0	0	47	0	0	0	0	0	0	0	0	0	0	0	0	0
<degree>	0	0	4	15	0	0	0	0	40	0	0	0	0	0	0	0	0	0	0	0	145


