
===== Token-level results =====


label		accuracy	precision	recall		f1

<title>		99.23		91.25		91.44		91.34
<author>		99.59		95.79		95.07		95.43
<affiliation>	99.4		94.07		91.71		92.88
<email>		99.77		90.73		95.12		92.87
<web>		99.85		77.63		81.26		79.41
<address>		99.47		90.71		90.47		90.59
<intro>		89.63		65.36		57.42		61.13
<abstract>		90.59		87.76		91.48		89.58
<date>		99.79		79.23		72.57		75.75
<reference>		99.41		83.4		82.89		83.15
<submission>	99.81		87.8		83.83		85.77
<note>		96.94		51.19		55.76		53.38
<keyword>		99.7		94.76		83.66		88.86
<copyright>		99.85		81.54		84.57		83.03
<pubnum>		99.73		75.95		85.44		80.41
<dedication>	99.99		77.78		100		87.5
<date-submission>	99.99		100		41.18		58.33
<grant>		99.93		92.64		98.08		95.28
<phone>		99.94		79.89		80.75		80.32
<degree>		99.74		83.17		21.99		34.78
<entitle>		99.93		56.1		25.56		35.11

all fields		98.68		83.92		83.92 		83.92	(micro average)
			98.68		82.7		76.68		77.85	(macro average)

===== Field-level results =====

label		accuracy	precision	recall		f1

<title>		97.21		87.05		89.13		88.08
<author>		97.79		93.51		88.16		90.76
<affiliation>	96.44		91.35		83.04		87
<email>		99.5		94.5		95.45		94.97
<web>		99.55		75.61		79.49		77.5
<address>		97.79		91.63		89.71		90.66
<intro>		98.72		67.47		70		68.71
<abstract>		98.42		90.32		89.46		89.89
<date>		98.85		85.25		78.79		81.89
<reference>		98.54		85.92		76.25		80.79
<submission>	99.35		85.11		86.96		86.02
<note>		95.51		67.44		64.68		66.03
<keyword>		99.65		94.81		87.95		91.25
<copyright>		99.57		86.84		73.33		79.52
<pubnum>		99.05		78.57		81.91		80.21
<dedication>	99.97		75		100		85.71
<date-submission>	99.97		100		50		66.67
<grant>		99.85		80		80		80
<phone>		99.8		76.47		76.47		76.47
<degree>		99.87		83.33		55.56		66.67
<entitle>		99.87		66.67		33.33		44.44

all fields		98.82		87.49		84.36 		85.89	(micro average)
			98.82		83.66		77.6		79.68	(macro average)

===== Instance-level results =====

Total expected instances: 		502
Correct instances: 		217
Instance-level recall:	43.23

===== Confusion matrix =====

<title>	4837	15	19	15	6	3	88	3	1	5	3	269	0	6	19	0	0	1	0	0	0
<author>	34	5092	45	5	1	32	3	13	0	2	3	125	0	1	0	0	0	0	0	0	0
<affiliation>	28	47	4668	1	3	178	24	4	0	10	0	113	0	0	0	0	0	6	0	8	0
<email>	0	0	0	1811	5	19	5	0	0	0	0	36	0	0	7	0	0	0	21	0	0
<web>	0	0	0	7	347	0	37	0	0	2	0	14	0	3	0	0	0	0	17	0	0
<address>	3	18	115	19	9	3086	12	5	5	13	0	114	0	0	3	0	0	9	0	0	0
<intro>	93	3	0	71	28	31	9774	6324	2	50	0	643	2	0	2	0	0	0	0	0	0
<abstract>	22	0	0	0	0	3	4194	48478	0	0	2	236	58	0	0	0	0	0	0	0	0
<date>	12	0	0	0	5	3	11	0	389	13	61	19	0	0	22	0	0	0	0	1	0
<reference>	45	0	10	4	7	12	23	9	10	1754	17	138	19	14	36	0	0	18	0	0	0
<submission>	4	5	6	1	0	5	0	0	51	1	669	43	0	0	5	0	0	0	0	8	0
<note>	189	72	77	33	33	27	639	238	13	197	7	2102	0	25	70	0	0	31	0	0	17
<keyword>	0	0	0	0	0	0	129	81	0	37	0	0	1428	0	32	0	0	0	0	0	0
<copyright>	0	0	3	0	0	0	8	17	0	8	0	38	0	433	5	0	0	0	0	0	0
<pubnum>	8	2	0	0	2	3	7	15	0	11	0	61	0	3	663	0	0	0	0	0	1
<dedication>	0	0	0	0	0	0	0	0	0	0	0	0	0	0	0	35	0	0	0	0	0
<date-submission>	0	0	0	0	0	0	0	0	10	0	0	0	0	0	0	0	7	0	0	0	0
<grant>	0	0	0	0	1	0	0	10	0	0	0	5	0	0	0	0	0	818	0	0	0
<phone>	0	0	0	27	0	0	0	0	0	0	0	0	0	0	9	0	0	0	151	0	0
<degree>	9	62	19	2	0	0	0	0	10	0	0	150	0	46	0	0	0	0	0	84	0
<entitle>	17	0	0	0	0	0	0	40	0	0	0	0	0	0	0	10	0	0	0	0	23


