
===== Token-level results =====


label		accuracy	precision	recall		f1

<title>		99.14		88.61		92.33		90.43
<author>		99.47		92.33		94.8		93.55
<abstract>		89.08		85.43		89.7		87.51
<email>		99.76		95.49		88.48		91.85
<degree>		99.75		24.63		38.73		30.11
<affiliation>	99.36		91.84		92.62		92.23
<address>		99.57		94.24		89.05		91.57
<keyword>		99.72		90.02		88.93		89.47
<grant>		99.65		72.06		62.11		66.72
<note>		96.34		54.75		56.57		55.65
<date>		99.78		80.44		65.82		72.4
<intro>		88.8		63.23		52.82		57.56
<pubnum>		99.75		78.35		73.26		75.72
<reference>		99.45		80.34		87.05		83.56
<copyright>		99.85		89.96		84		86.88
<submission>	99.85		92.39		82.14		86.96
<web>		99.61		64.78		69.45		67.03
<phone>		99.97		80.47		85.83		83.06
<date-submission>	99.9		10.08		41.38		16.22
<entitle>		99.87		10.53		11.9		11.17
<dedication>	100		100		100		100

all fields		98.51		81.44		81.44 		81.44	(micro average)
			98.51		73.33		73.66		72.84	(macro average)

===== Field-level results =====

label		accuracy	precision	recall		f1

<title>		97.49		88.19		90.97		89.56
<author>		97.86		90.93		90.54		90.73
<abstract>		97.76		84.59		87.77		86.15
<email>		99.3		95.36		90.69		92.96
<affiliation>	97.34		90.56		90.07		90.32
<address>		98.04		94.16		88.77		91.38
<degree>		99.73		44.44		40		42.11
<keyword>		99.65		92.41		90.12		91.25
<grant>		99.68		68.18		71.43		69.77
<note>		94.83		65.7		61.69		63.64
<date>		98.73		84.35		74.62		79.18
<intro>		98.33		67.05		60.82		63.78
<pubnum>		99.23		80.88		75.34		78.01
<reference>		98.71		79.61		85.21		82.31
<copyright>		99.4		87.5		70		77.78
<submission>	99.55		91.36		87.06		89.16
<web>		99.45		63.27		88.57		73.81
<phone>		99.88		83.33		76.92		80
<date-submission>	99.83		42.86		50		46.15
<entitle>		99.88		50		20		28.57
<dedication>	100		100		100		100

all fields		98.79		86.23		84.79 		85.5	(micro average)
			98.79		78.32		75.74		76.51	(macro average)

===== Instance-level results =====

Total expected instances: 		504
Correct instances: 		206
Instance-level recall:	40.87

===== Confusion matrix =====

<title>	5090	23	48	0	0	12	0	2	0	215	0	92	10	17	0	3	0	0	1	0	0
<author>	16	4849	2	18	5	46	87	0	2	71	0	4	0	14	0	1	0	0	0	0	0
<abstract>	160	16	47952	0	0	12	0	89	1	348	2	4850	0	30	0	0	0	0	0	0	0
<email>	0	18	4	1674	10	0	9	41	0	48	0	28	3	28	0	0	5	25	0	0	0
<degree>	3	0	0	8	67	83	0	0	0	11	0	0	0	0	0	0	0	0	0	0	0
<affiliation>	30	49	6	1	16	4729	55	5	24	166	1	4	1	19	0	0	0	0	0	0	0
<address>	0	21	6	9	1	132	2959	2	19	112	6	13	0	30	13	0	0	0	0	0	0
<keyword>	0	0	91	0	0	0	0	1470	0	0	0	58	34	0	0	0	0	0	0	0	0
<grant>	0	0	0	7	0	0	0	0	441	177	0	75	10	0	0	0	0	0	0	0	0
<note>	281	258	422	14	159	120	13	3	125	2874	8	280	33	200	38	8	104	0	55	85	0
<date>	10	0	18	0	0	1	10	0	0	50	362	7	15	51	5	21	0	0	0	0	0
<intro>	74	10	7357	0	14	0	0	2	0	845	16	9517	15	0	10	0	158	0	0	0	0
<pubnum>	8	0	17	0	0	0	0	0	0	95	5	49	485	1	2	0	0	0	0	0	0
<reference>	24	3	54	4	0	3	0	19	0	108	8	26	13	1761	0	0	0	0	0	0	0
<copyright>	0	0	37	0	0	0	0	0	0	23	3	25	0	28	609	0	0	0	0	0	0
<submission>	2	5	0	0	0	11	5	0	0	24	39	17	0	13	0	607	0	0	16	0	0
<web>	3	0	86	3	0	0	0	0	0	82	0	7	0	0	0	0	491	0	35	0	0
<phone>	0	0	0	15	0	0	2	0	0	0	0	0	0	0	0	0	0	103	0	0	0
<date-submission>	0	0	0	0	0	0	0	0	0	0	0	0	0	0	0	17	0	0	12	0	0
<entitle>	43	0	31	0	0	0	0	0	0	0	0	0	0	0	0	0	0	0	0	10	0
<dedication>	0	0	0	0	0	0	0	0	0	0	0	0	0	0	0	0	0	0	0	0	8


