
===== Token-level results =====


label		accuracy	precision	recall		f1

<title>		99.24		90.23		90.63		90.43
<author>		99.56		94.82		93.81		94.31
<affiliation>	99.51		94.95		91.1		92.98
<address>		99.4		87.21		86.67		86.94
<email>		99.77		92.83		88.27		90.49
<abstract>		91.19		87.18		90.93		89.02
<copyright>		99.63		90.38		68.9		78.2
<keyword>		99.63		81.43		90.92		85.92
<intro>		86.74		67.85		49		56.9
<note>		93.23		32.99		59.31		42.4
<pubnum>		99.74		81.78		71.74		76.43
<date>		99.79		76		76.77		76.38
<grant>		99.88		90.99		93.65		92.3
<reference>		99.3		72.13		82.73		77.07
<submission>	99.9		87.6		97.49		92.28
<phone>		99.91		76.61		52.2		62.09
<date-submission>	99.97		21.43		10.71		14.29
<dedication>	99.93		37.5		53.42		44.07
<entitle>		99.98		100		62.82		77.17
<degree>		99.95		72.15		95.76		82.29
<web>		99.93		82.83		92.13		87.23

all fields		98.39		79.64		79.64 		79.64	(micro average)
			98.39		77.09		76.14		75.68	(macro average)

===== Field-level results =====

label		accuracy	precision	recall		f1

<title>		97.79		91.56		89.62		90.58
<author>		98.21		92.87		90.99		91.92
<affiliation>	96.83		91.73		84.73		88.09
<address>		98.11		92.84		91.06		91.94
<email>		99.5		95.68		93.65		94.65
<abstract>		98.09		88.05		88.05		88.05
<copyright>		99.25		87.5		75		80.77
<keyword>		99.67		90.7		93.98		92.31
<intro>		98.32		67.01		65		65.99
<note>		95		63.64		67.5		65.51
<pubnum>		98.99		85.14		68.48		75.9
<date>		98.84		82.61		83.82		83.21
<grant>		99.85		95.83		82.14		88.46
<reference>		98.57		78.1		79.85		78.97
<submission>	99.55		85.87		94.05		89.77
<phone>		99.67		69.23		50		58.06
<date-submission>	99.95		50		50		50
<dedication>	99.85		60		42.86		50
<entitle>		99.95		100		60		75
<degree>		99.9		76.92		90.91		83.33
<web>		99.75		79.31		85.19		82.14

all fields		98.84		87.16		85.12 		86.13	(micro average)
			98.84		82.12		77.47		79.27	(macro average)

===== Instance-level results =====

Total expected instances: 		502
Correct instances: 		212
Instance-level recall:	42.23

===== Confusion matrix =====

<title>	4819	25	6	1	0	105	0	0	63	267	9	6	0	13	0	0	0	0	0	0	3
<author>	19	4922	22	95	8	18	0	0	0	104	0	0	0	19	0	0	0	32	0	5	3
<affiliation>	41	47	4379	136	4	2	5	4	3	158	0	3	0	5	0	0	0	11	0	9	0
<address>	7	15	123	2673	6	1	0	13	126	43	0	0	0	67	0	0	0	5	0	0	5
<email>	0	67	11	10	1475	0	0	6	13	65	0	0	0	0	0	19	0	0	0	0	5
<abstract>	86	0	4	65	1	47785	5	52	4186	295	0	0	16	36	6	0	0	0	0	0	12
<copyright>	0	1	0	0	7	4	893	0	95	163	13	4	77	35	0	0	0	0	0	0	4
<keyword>	0	0	0	0	0	57	0	1522	53	42	0	0	0	0	0	0	0	0	0	0	0
<intro>	39	15	0	3	12	6700	7	0	11705	5304	35	12	0	26	0	0	0	0	0	0	31
<note>	258	74	41	18	11	67	74	272	941	3332	41	57	2	365	18	0	0	3	0	44	0
<pubnum>	10	0	0	3	0	26	4	0	25	89	561	27	0	28	5	0	0	0	0	0	4
<date>	0	0	0	2	12	0	0	0	14	28	0	456	0	5	56	10	11	0	0	0	0
<grant>	0	0	8	8	0	24	0	0	0	17	8	0	959	0	0	0	0	0	0	0	0
<reference>	37	20	18	46	0	0	0	0	8	161	0	24	0	1576	0	0	0	14	0	0	1
<submission>	0	0	0	0	4	0	0	0	0	2	0	11	0	0	777	0	0	0	0	3	0
<phone>	0	0	0	5	45	0	0	0	14	4	19	0	0	0	0	95	0	0	0	0	0
<date-submission>	0	0	0	0	0	0	0	0	0	0	0	0	0	0	25	0	3	0	0	0	0
<dedication>	0	2	0	0	4	15	0	0	0	13	0	0	0	0	0	0	0	39	0	0	0
<entitle>	21	0	0	0	0	8	0	0	0	0	0	0	0	0	0	0	0	0	49	0	0
<degree>	4	3	0	0	0	0	0	0	0	0	0	0	0	0	0	0	0	0	0	158	0
<web>	0	0	0	0	0	0	0	0	6	12	0	0	0	10	0	0	0	0	0	0	328


