
===== Token-level results =====


label		accuracy	precision	recall		f1

<reference>		99.09		74.46		79.57		76.93
<note>		95.91		59.44		50.31		54.5
<pubnum>		99.76		86.19		79.12		82.5
<copyright>		99.49		89.57		59.18		71.27
<title>		98.99		86.33		90.95		88.58
<author>		99.45		91.78		96		93.84
<affiliation>	99.38		93.73		91.55		92.63
<address>		98.44		63.36		88.92		74
<submission>	99.8		80.47		89.59		84.79
<abstract>		93.07		88.96		94.79		91.78
<intro>		91.29		77.85		63.61		70.01
<email>		99.68		89.31		89.31		89.31
<keyword>		99.72		94.58		82.19		87.95
<date>		99.83		82.42		79.59		80.98
<grant>		99.66		64.38		65.02		64.7
<phone>		99.86		48.81		75.46		59.28
<web>		99.61		72.61		83.3		77.59
<date-submission>	99.97		61.11		27.5		37.93
<degree>		99.93		88.53		75.39		81.43
<dedication>	99.99		100		74.55		85.42
<entitle>		99.92		100		17.6		29.93

all fields		98.71		84.28		84.28 		84.28	(micro average)
			98.71		80.66		73.98		75.02	(macro average)

===== Field-level results =====

label		accuracy	precision	recall		f1

<reference>		98.52		80.42		78.23		79.31
<note>		94.18		65.92		61.61		63.69
<pubnum>		99.11		87.8		73.47		80
<copyright>		99.38		85.25		76.47		80.62
<title>		97.39		88.34		88.72		88.53
<author>		97.86		91.05		89.65		90.34
<affiliation>	97.21		89.24		89.74		89.49
<address>		97.76		90.83		89.04		89.92
<submission>	99.41		84.88		86.9		85.88
<abstract>		98.37		86.51		91.32		88.85
<intro>		98.69		71.76		67.78		69.71
<email>		99.33		92.02		93.51		92.76
<keyword>		99.53		92.59		85.23		88.76
<date>		98.96		86.03		83.57		84.78
<grant>		99.68		73.33		55		62.86
<phone>		99.63		50		66.67		57.14
<web>		99.36		74.6		82.46		78.33
<date-submission>	99.88		66.67		57.14		61.54
<degree>		99.83		78.57		73.33		75.86
<dedication>	99.98		100		75		85.71
<entitle>		99.85		100		14.29		25

all fields		98.76		85.71		84.31 		85	(micro average)
			98.76		82.66		75.2		77.1	(macro average)

===== Instance-level results =====

Total expected instances: 		502
Correct instances: 		192
Instance-level recall:	38.25

===== Confusion matrix =====

<reference>	1904	170	24	1	44	63	21	33	38	16	33	0	0	25	21	0	0	0	0	0	0
<note>	155	3062	65	28	370	288	76	16	66	533	1059	33	7	43	120	0	163	0	2	0	0
<pubnum>	1	85	705	0	32	2	4	0	0	5	23	0	13	0	0	20	1	0	0	0	0
<copyright>	26	285	0	790	0	0	1	0	0	8	136	0	0	0	77	0	12	0	0	0	0
<title>	36	221	0	5	4915	16	18	2	8	93	75	14	0	0	0	0	0	1	0	0	0
<author>	22	68	0	0	23	5237	33	7	0	8	4	33	0	0	0	0	16	0	4	0	0
<affiliation>	14	263	0	0	22	22	4843	89	0	2	12	5	0	0	0	0	0	0	18	0	0
<address>	79	69	0	0	0	28	133	2776	0	2	5	28	0	2	0	0	0	0	0	0	0
<submission>	0	25	0	0	13	0	0	3	680	4	0	0	0	26	0	0	2	6	0	0	0
<abstract>	117	163	0	31	55	42	0	8	0	48401	2186	1	26	0	0	9	21	0	0	0	0
<intro>	91	410	0	0	76	0	6	1435	0	5141	12715	0	14	3	0	0	99	0	0	0	0
<email>	0	17	16	1	0	4	17	3	0	31	4	1645	0	0	0	100	4	0	0	0	0
<keyword>	81	56	0	0	25	0	0	0	0	100	14	0	1274	0	0	0	0	0	0	0	0
<date>	8	40	8	0	9	2	0	0	29	14	8	0	0	464	0	0	0	0	1	0	0
<grant>	0	113	0	26	0	2	10	3	0	4	41	0	13	0	394	0	0	0	0	0	0
<phone>	0	0	0	0	0	0	0	6	0	0	0	34	0	0	0	123	0	0	0	0	0
<web>	18	67	0	0	0	0	0	0	0	17	18	49	0	0	0	0	843	0	0	0	0
<date-submission>	5	0	0	0	0	0	0	0	24	0	0	0	0	0	0	0	0	11	0	0	0
<degree>	0	23	0	0	35	0	5	0	0	0	0	0	0	0	0	0	0	0	193	0	0
<dedication>	0	14	0	0	0	0	0	0	0	0	0	0	0	0	0	0	0	0	0	41	0
<entitle>	0	0	0	0	74	0	0	0	0	29	0	0	0	0	0	0	0	0	0	0	22


