
===== Token-level results =====


label		accuracy	precision	recall		f1

<pubnum>		99.8		87.79		80.11		83.77
<title>		99.08		88.07		90.06		89.06
<author>		99.51		94.19		92.85		93.52
<address>		99.61		92.48		90.31		91.38
<affiliation>	99.35		91.69		91.39		91.54
<date>		99.81		84.48		71.27		77.32
<note>		96.9		61.07		62.68		61.86
<dedication>	99.98		70		63.64		66.67
<abstract>		87.32		81.92		90.71		86.09
<email>		99.76		94.62		86.56		90.41
<intro>		87.64		55.77		37.34		44.73
<copyright>		99.7		79.56		79.47		79.52
<reference>		99.35		75.66		83.61		79.44
<keyword>		99.89		92.9		98.04		95.4
<submission>	99.84		95.24		79.49		86.65
<entitle>		99.85		0		0		0
<phone>		99.95		19.05		52.17		27.91
<web>		99.72		84.77		72.85		78.36
<degree>		99.75		73.29		31.38		43.95
<grant>		99.76		83.4		87.53		85.41
<date-submission>	99.94		18.99		75		30.3

all fields		98.4		79.88		79.88 		79.88	(micro average)
			98.4		72.62		72.21		70.63	(macro average)

===== Field-level results =====

label		accuracy	precision	recall		f1

<pubnum>		99		82.42		76.53		79.37
<title>		96.99		87.13		88.06		87.59
<author>		97.53		89.21		89.21		89.21
<address>		97.66		90.37		87.56		88.94
<affiliation>	97.07		90.12		87.3		88.69
<date>		98.77		87.93		75		80.95
<note>		94.68		66.91		60.87		63.75
<dedication>	99.95		66.67		66.67		66.67
<abstract>		97.66		81.93		89.77		85.67
<email>		99.31		92.61		92.09		92.35
<intro>		98.41		70.83		55.43		62.2
<copyright>		99.33		88.46		69.7		77.97
<reference>		98.66		80.15		80.15		80.15
<keyword>		99.82		94.29		95.65		94.96
<submission>	99.49		94.94		82.42		88.24
<entitle>		99.85		0		0		0
<phone>		99.85		40		40		40
<web>		99.51		80		84.62		82.24
<degree>		99.72		57.14		33.33		42.11
<grant>		99.67		73.91		70.83		72.34
<date-submission>	99.9		71.43		71.43		71.43

all fields		98.71		85.54		83.04 		84.27	(micro average)
			98.71		75.55		71.27		73.09	(macro average)

===== Instance-level results =====

Total expected instances: 		501
Correct instances: 		182
Instance-level recall:	36.33

===== Confusion matrix =====

<pubnum>	604	18	0	2	3	5	100	0	3	3	8	0	8	0	0	0	0	0	0	0	0
<title>	6	4460	0	26	15	1	277	0	99	0	29	0	24	0	3	8	0	4	0	0	0
<author>	0	19	4170	10	51	1	100	0	30	15	54	0	1	35	1	0	0	1	3	0	0
<address>	0	0	7	2422	105	2	84	0	4	4	13	8	4	0	0	0	0	19	0	11	0
<affiliation>	1	41	48	102	4184	0	76	0	38	4	7	0	13	3	0	0	0	2	10	48	0
<date>	17	0	0	1	0	392	83	0	6	1	13	7	6	0	17	0	0	7	0	0	0
<note>	33	260	94	17	134	15	2991	12	456	42	254	146	73	9	5	72	0	21	3	81	55
<dedication>	0	0	0	0	0	0	15	28	0	0	0	0	0	0	0	0	0	0	0	0	0
<abstract>	0	122	2	0	0	0	272	0	46659	0	4328	0	0	52	0	0	0	0	0	1	0
<email>	0	0	25	14	7	0	61	0	5	1372	0	0	34	0	0	0	51	16	0	0	0
<intro>	1	72	18	0	15	3	156	0	9427	0	5943	0	248	8	0	0	0	26	0	0	0
<copyright>	0	2	7	0	0	6	69	0	12	0	0	693	22	0	0	0	0	6	27	28	0
<reference>	9	36	0	7	0	1	195	0	40	1	0	0	1495	0	0	0	0	4	0	0	0
<keyword>	0	0	0	0	0	0	0	0	20	0	8	0	0	1401	0	0	0	0	0	0	0
<submission>	0	2	0	0	14	38	65	0	0	0	0	8	22	0	620	0	0	2	0	0	9
<entitle>	0	11	0	0	0	0	0	0	84	0	0	0	1	0	0	0	0	0	0	0	0
<phone>	0	0	0	7	0	0	0	0	0	4	0	0	0	0	0	0	12	0	0	0	0
<web>	0	3	0	5	0	0	200	0	0	4	0	9	3	0	0	0	0	601	0	0	0
<degree>	0	17	56	6	35	0	83	0	39	0	0	0	22	0	0	0	0	0	118	0	0
<grant>	17	1	0	0	0	0	71	0	32	0	0	0	0	0	0	0	0	0	0	849	0
<date-submission>	0	0	0	0	0	0	0	0	0	0	0	0	0	0	5	0	0	0	0	0	15


