
===== Token-level results =====


label		accuracy	precision	recall		f1

<title>		98.85		84.73		82.67		83.69
<note>		95.78		46.34		56.54		50.93
<author>		99.38		93.22		92.1		92.66
<pubnum>		99.78		86.28		84.27		85.26
<abstract>		89.13		82.65		87.65		85.07
<reference>		99.31		82.92		72.08		77.12
<intro>		84.44		40.04		46.85		43.18
<date>		99.83		82.8		69.71		75.7
<collaboration>	100		71.43		71.43		71.43
<affiliation>	98.88		93.28		81.18		86.81
<address>		99.55		91.77		92.5		92.13
<email>		99.7		90.69		86.24		88.41
<keyword>		99.64		79.34		93.62		85.89
<web>		99.59		73.74		71.32		72.51
<submission>	99.85		91.65		89.3		90.46
<copyright>		99.47		87.99		60.46		71.67
<degree>		95.98		52.09		2.41		4.61
<grant>		99.83		70.41		65.71		67.98
<dedication>	100		100		100		100
<entitle>		99.87		0		0		0
<phone>		99.95		0		0		0
<date-submission>	99.94		0		0		0

all fields		98.13		74.02		74.02 		74.02	(micro average)
			98.04		71.49		66.95		67.88	(macro average)

===== Field-level results =====

label		accuracy	precision	recall		f1

<note>		94		63.67		63.89		63.78
<title>		96.3		82.11		80.46		81.28
<author>		96.75		87.95		82.31		85.03
<pubnum>		99.2		85.33		79.01		82.05
<abstract>		97.85		80.79		85.65		83.15
<reference>		98.51		81.45		77.69		79.53
<date>		98.85		85.88		72.28		78.49
<intro>		98.42		52.54		53.45		52.99
<collaboration>	99.94		66.67		66.67		66.67
<affiliation>	96.73		90.39		85.54		87.9
<address>		97.99		93.3		90.28		91.76
<email>		99.14		92.49		90.4		91.43
<keyword>		99.63		91.03		92.21		91.61
<web>		99.37		72.09		75.61		73.81
<submission>	99.48		87.65		89.87		88.75
<copyright>		99.17		84.62		74.32		79.14
<degree>		99.51		63.64		35		45.16
<grant>		99.83		33.33		50		40
<dedication>	100		100		100		100
<entitle>		99.74		0		0		0
<phone>		99.86		0		0		0
<date-submission>	99.94		0		0		0

all fields		98.64		83.96		81.06 		82.48	(micro average)
			98.59		71.19		68.79		69.64	(macro average)

===== Instance-level results =====

Total expected instances: 		347
Correct instances: 		102
Instance-level recall:	29.39

===== Confusion matrix =====

<title>	3407	379	9	13	78	45	121	2	0	30	4	0	0	0	0	0	34	0	0	0	0	0
<note>	281	2525	155	37	285	81	307	12	0	82	104	23	248	131	17	56	16	50	0	0	0	55
<author>	18	172	4479	3	36	1	81	1	0	44	14	3	0	0	0	0	11	0	0	0	0	0
<pubnum>	22	68	0	723	0	13	1	0	0	0	0	0	0	16	0	15	0	0	0	0	0	0
<abstract>	62	474	0	0	35747	2	4412	0	0	0	0	10	43	0	6	12	0	17	0	0	0	0
<reference>	35	202	28	3	21	1345	157	24	0	10	4	4	21	0	0	12	0	0	0	0	0	0
<intro>	55	568	0	7	6935	15	6820	4	0	0	15	71	0	56	0	10	0	0	0	0	0	0
<date>	14	39	0	8	0	20	19	313	0	0	1	0	0	0	33	0	2	0	0	0	0	0
<collaboration>	0	0	0	0	0	0	0	0	5	2	0	0	0	0	0	0	0	0	0	0	0	0
<affiliation>	25	144	71	0	8	32	578	0	2	4262	95	7	0	0	0	0	13	14	0	0	0	0
<address>	16	77	12	0	0	13	25	2	0	81	3045	1	0	13	0	0	6	0	0	0	0	0
<email>	16	61	14	0	1	17	9	0	0	4	25	1335	0	8	0	0	0	6	0	0	52	0
<keyword>	0	0	0	32	31	0	3	0	0	13	6	0	1248	0	0	0	0	0	0	0	0	0
<web>	3	182	5	1	0	4	51	0	0	0	0	7	0	629	0	0	0	0	0	0	0	0
<submission>	0	41	0	0	4	6	0	19	0	20	2	4	0	0	801	0	0	0	0	0	0	0
<copyright>	3	155	8	11	20	28	233	1	0	0	0	7	0	0	7	769	21	0	0	0	9	0
<degree>	2	280	24	0	0	0	4216	0	0	11	0	0	0	0	0	0	112	0	0	0	0	0
<grant>	0	82	0	0	0	0	0	0	0	10	3	0	13	0	0	0	0	207	0	0	0	0
<dedication>	0	0	0	0	0	0	0	0	0	0	0	0	0	0	0	0	0	0	31	0	0	0
<entitle>	62	0	0	0	87	0	0	0	0	0	0	0	0	0	0	0	0	0	0	0	0	0
<phone>	0	0	0	0	0	0	0	0	0	0	0	0	0	0	0	0	0	0	0	0	0	0
<date-submission>	0	0	0	0	0	0	0	0	0	0	0	0	0	0	10	0	0	0	0	0	0	0


