
===== Token-level results =====


label		accuracy	precision	recall		f1

<title>		99.17		88.78		89.94		89.35
<author>		99.48		94.08		92.98		93.53
<affiliation>	99.41		92.3		89.87		91.07
<address>		99.39		93.13		79.47		85.76
<email>		99.77		94.48		84.58		89.25
<submission>	99.8		81.76		92.33		86.72
<reference>		99.44		81.15		84.04		82.57
<pubnum>		99.66		80.31		70.26		74.95
<abstract>		89.08		85.28		86.41		85.84
<keyword>		99.48		76.63		93.18		84.1
<copyright>		99.65		88.2		62.23		72.97
<grant>		99.89		76.5		68.3		72.17
<intro>		87.64		70.16		64.99		67.47
<note>		95.83		45.87		57.74		51.13
<degree>		99.9		48.37		76.29		59.2
<date>		99.71		74.52		62.23		67.82
<web>		99.76		79.22		78.81		79.01
<phone>		99.93		15.85		92.86		27.08
<date-submission>	99.89		0		0		0
<collaboration>	100		85.71		66.67		75
<entitle>		99.71		0		0		0
<dedication>	99.89		12.9		100		22.86

all fields		98.48		79.86		79.86 		79.86	(micro average)
			98.48		66.6		72.42		66.27	(macro average)

===== Field-level results =====

label		accuracy	precision	recall		f1

<title>		97.13		86.6		87.42		87.01
<author>		97.51		88.21		86.36		87.28
<affiliation>	96.44		87.27		82.52		84.83
<address>		97.89		93.91		85.62		89.57
<email>		99.31		91.84		88.24		90
<submission>	99.24		77.78		90.32		83.58
<reference>		98.38		77.05		83.19		80
<pubnum>		98.65		77.94		68.83		73.1
<abstract>		97.55		83.85		80.1		81.93
<keyword>		99.41		89.02		90.12		89.57
<copyright>		99.24		90.48		67.86		77.55
<grant>		99.65		0		0		0
<intro>		98.1		66.23		63.75		64.97
<note>		92.68		59.93		62.17		61.03
<degree>		99.83		66.67		75		70.59
<date>		98.2		77.55		71.7		74.51
<phone>		99.83		16.67		100		28.57
<web>		99.45		76.92		81.08		78.95
<date-submission>	99.86		0		0		0
<collaboration>	99.93		66.67		66.67		66.67
<entitle>		99.9		0		0		0
<dedication>	99.97		50		100		66.67

all fields		98.55		82.21		79.94 		81.06	(micro average)
			98.55		64.75		69.59		65.29	(macro average)

===== Instance-level results =====

Total expected instances: 		347
Correct instances: 		105
Instance-level recall:	30.26

===== Confusion matrix =====

<title>	3559	20	12	0	0	0	5	0	139	0	0	0	60	159	0	3	0	0	0	0	0	0
<author>	14	3800	60	29	12	0	2	0	13	7	0	0	0	121	2	0	0	6	0	0	21	0
<affiliation>	19	72	3079	69	1	0	9	0	0	0	0	0	12	151	7	7	0	0	0	0	0	0
<address>	0	9	91	1858	20	0	77	0	15	0	5	0	176	79	3	3	0	2	0	0	0	0
<email>	0	5	0	0	976	0	0	0	10	9	0	0	7	120	0	0	1	26	0	0	0	0
<submission>	0	0	0	0	4	650	0	0	12	0	0	0	0	18	0	20	0	0	0	0	0	0
<reference>	16	41	34	27	4	16	1343	0	10	46	0	0	0	55	0	6	0	0	0	0	0	0
<pubnum>	17	0	0	0	0	5	22	522	0	0	0	0	36	122	0	0	19	0	0	0	0	0
<abstract>	87	38	0	0	1	0	12	0	33713	320	11	0	4533	194	0	0	0	0	0	0	0	108
<keyword>	0	0	0	0	1	3	0	0	51	1407	0	0	34	14	0	0	0	0	0	0	0	0
<copyright>	7	1	0	0	0	0	33	13	18	0	486	47	92	67	0	1	17	0	0	0	0	0
<grant>	0	0	0	0	0	0	0	0	0	0	0	153	0	69	0	0	1	0	0	0	0	0
<intro>	51	20	0	1	0	0	22	29	5416	14	26	0	13060	1311	0	19	64	0	63	0	0	0
<note>	212	30	52	11	5	27	81	69	131	33	18	0	592	2223	67	32	20	0	0	1	247	0
<degree>	0	0	5	0	0	0	0	0	0	0	0	0	0	17	74	0	0	0	0	0	0	0
<date>	0	3	0	0	3	72	11	17	3	0	5	0	13	63	0	313	0	0	0	0	0	0
<web>	0	0	0	0	6	2	38	0	0	0	0	0	0	63	0	0	465	17	0	0	0	0
<phone>	0	0	0	0	0	0	0	0	0	0	0	0	0	0	0	0	0	13	0	0	0	0
<date-submission>	0	0	0	0	0	20	0	0	0	0	0	0	0	0	0	16	0	18	0	0	0	0
<collaboration>	0	0	3	0	0	0	0	0	0	0	0	0	0	0	0	0	0	0	0	6	0	0
<entitle>	27	0	0	0	0	0	0	0	0	0	0	0	0	0	0	0	0	0	0	0	0	0
<dedication>	0	0	0	0	0	0	0	0	0	0	0	0	0	0	0	0	0	0	0	0	0	16


