
===== Token-level results =====


label		accuracy	precision	recall		f1

<title>		99.27		85.81		91.77		88.69
<author>		99.67		97.65		93.62		95.59
<affiliation>	94.75		35.53		92.52		51.34
<address>		98.9		66.98		88.82		76.37
<abstract>		90.15		82.13		88.18		85.05
<keyword>		99.31		76.64		76.77		76.7
<degree>		99.98		80.99		94.23		87.11
<note>		94.13		41.82		58.58		48.8
<date>		99.82		75.06		75.06		75.06
<intro>		81.61		64.24		34.85		45.19
<reference>		99.33		73.74		85.28		79.09
<copyright>		99.74		85.14		86.43		85.78
<email>		99.72		85.62		90.88		88.17
<web>		99.81		81.62		81.62		81.62
<submission>	99.79		82.56		88.05		85.22
<pubnum>		99.76		82.75		78.98		80.82
<grant>		99.87		76.19		18.08		29.22
<phone>		99.98		33.33		100		50
<date-submission>	99.97		0		0		0
<entitle>		99.96		100		18.87		31.75
<dedication>	99.99		0		0		0

all fields		97.88		71.4		71.4 		71.4	(micro average)
			97.88		67.04		68.69		63.88	(macro average)

===== Field-level results =====

label		accuracy	precision	recall		f1

<title>		97.43		87.61		89.23		88.41
<author>		97.93		94.72		84.23		89.17
<affiliation>	96.95		91.11		84.97		87.94
<address>		97.66		91.1		88.13		89.59
<abstract>		97.8		80.93		87.88		84.26
<keyword>		99.36		90.28		84.42		87.25
<degree>		99.9		71.43		83.33		76.92
<note>		93.6		65.99		68.55		67.24
<date>		98.81		82		82.83		82.41
<intro>		98.14		53.06		44.83		48.6
<reference>		98.48		81.08		78.95		80
<copyright>		99.15		83.58		80		81.75
<email>		99.15		87.83		90.18		88.99
<web>		99.25		74.42		74.42		74.42
<submission>	99.25		81.43		86.36		83.82
<pubnum>		99.09		87.88		75.32		81.12
<grant>		99.8		66.67		28.57		40
<phone>		99.97		50		100		66.67
<date-submission>	99.86		0		0		0
<entitle>		99.93		100		33.33		50
<dedication>	99.97		0		0		0

all fields		98.64		84.47		82.29 		83.37	(micro average)
			98.64		72.43		68.84		68.98	(macro average)

===== Instance-level results =====

Total expected instances: 		345
Correct instances: 		101
Instance-level recall:	29.28

===== Confusion matrix =====

<title>	3345	2	0	0	70	0	0	155	1	53	12	0	0	0	7	0	0	0	0	0	0
<author>	4	4198	44	34	0	35	0	116	0	9	35	0	4	0	5	0	0	0	0	0	0
<affiliation>	5	12	3240	119	10	0	4	69	0	21	12	6	4	0	0	0	0	0	0	0	0
<address>	0	29	91	2081	0	0	0	75	5	14	29	8	5	0	0	6	0	0	0	0	0
<abstract>	0	9	0	35	32751	56	0	351	0	3810	0	5	103	3	12	0	0	0	8	0	0
<keyword>	0	0	0	0	159	1322	0	38	0	109	94	0	0	0	0	0	0	0	0	0	0
<degree>	0	0	0	0	0	0	98	6	0	0	0	0	0	0	0	0	0	0	0	0	0
<note>	294	44	33	5	436	178	16	3274	27	849	182	111	13	28	52	37	10	0	0	0	0
<date>	0	0	0	1	9	0	0	52	325	0	15	0	0	0	24	7	0	0	0	0	0
<intro>	143	0	5691	803	6373	99	0	3273	0	8867	91	7	33	41	0	20	0	0	0	0	0
<reference>	33	5	8	23	14	35	0	55	12	4	1477	0	0	0	36	30	0	0	0	0	0
<copyright>	0	0	0	0	35	0	0	68	0	10	6	911	8	16	0	0	0	0	0	0	0
<email>	0	0	10	1	5	0	0	62	0	18	0	0	1215	8	0	0	0	18	0	0	0
<web>	0	0	0	0	0	0	0	35	0	0	15	0	34	484	2	23	0	0	0	0	0
<submission>	0	0	0	2	0	0	3	30	40	0	0	11	0	11	715	0	0	0	0	0	0
<pubnum>	31	0	0	3	15	0	0	27	9	24	35	11	0	2	0	590	0	0	0	0	0
<grant>	0	0	2	0	0	0	0	143	0	0	0	0	0	0	0	0	32	0	0	0	0
<phone>	0	0	0	0	0	0	0	0	0	0	0	0	0	0	0	0	0	9	0	0	0
<date-submission>	0	0	0	0	0	0	0	0	14	0	0	0	0	0	13	0	0	0	0	0	0
<entitle>	43	0	0	0	0	0	0	0	0	0	0	0	0	0	0	0	0	0	0	10	0
<dedication>	0	0	0	0	0	0	0	0	0	14	0	0	0	0	0	0	0	0	0	0	0


