
===== Token-level results =====


label		accuracy	precision	recall		f1

<reference>		99.48		83.06		80.13		81.57
<date>		99.84		77.65		81.93		79.73
<title>		99.28		89.77		92.25		90.99
<author>		99.66		95.5		95.4		95.45
<affiliation>	95.11		41.78		92.73		57.6
<address>		99.5		91.7		85.72		88.61
<abstract>		90.09		83.25		92.88		87.8
<keyword>		99.5		73.14		83.29		77.88
<intro>		85.33		62.23		34.01		43.98
<note>		96.9		73.03		49.38		58.92
<pubnum>		99.79		83.76		85.46		84.6
<copyright>		99.72		84.03		77.7		80.74
<submission>	99.85		87.74		86		86.86
<web>		99.91		91.37		94.15		92.74
<degree>		99.24		24.25		42.16		30.79
<dedication>	99.97		33.33		46.43		38.81
<email>		99.78		90.35		90.41		90.38
<date-submission>	99.97		100		13.04		23.08
<grant>		99.81		86.13		86.59		86.36
<phone>		99.93		67.44		77.85		72.27
<entitle>		99.99		100		67.31		80.46

all fields		98.22		77.03		77.03 		77.03	(micro average)
			98.22		77.12		74.04		72.84	(macro average)

===== Field-level results =====

label		accuracy	precision	recall		f1

<reference>		98.69		83.82		79.72		81.72
<date>		98.87		82.44		83.72		83.08
<title>		97.54		90.91		88.61		89.74
<author>		97.82		91.55		88.84		90.17
<affiliation>	96.59		87.03		86.51		86.77
<address>		97.64		91		87.18		89.05
<abstract>		97.77		82.01		90.57		86.08
<keyword>		99.59		88.89		88.89		88.89
<intro>		98.54		70.77		54.76		61.74
<note>		95.1		71.77		66.14		68.84
<pubnum>		99.13		86.14		81.31		83.65
<copyright>		99.46		85.48		81.54		83.46
<submission>	99.49		88.31		86.08		87.18
<web>		99.67		87.76		86		86.87
<degree>		99.59		53.33		47.06		50
<dedication>	99.92		33.33		50		40
<email>		99.33		93.06		92		92.53
<date-submission>	99.92		100		40		57.14
<grant>		99.69		76		76		76
<phone>		99.77		66.67		71.43		68.97
<entitle>		99.97		100		66.67		80

all fields		98.77		86.15		84.09 		85.11	(micro average)
			98.77		81.44		75.86		77.71	(macro average)

===== Instance-level results =====

Total expected instances: 		502
Correct instances: 		218
Instance-level recall:	43.43

===== Confusion matrix =====

<reference>	1520	23	10	0	20	27	48	0	18	183	18	16	0	0	0	14	0	0	0	0	0
<date>	9	417	3	0	0	1	0	0	11	32	4	0	29	0	0	0	3	0	0	0	0
<title>	52	2	4845	9	38	0	87	2	31	155	22	0	3	4	1	0	0	0	1	0	0
<author>	17	0	37	4753	32	8	1	3	7	91	0	0	3	0	3	0	25	0	2	0	0
<affiliation>	3	0	34	46	4415	112	18	3	14	81	6	0	0	3	8	0	1	0	17	0	0
<address>	1	1	7	20	128	2575	5	0	167	56	0	0	0	0	0	0	37	0	7	0	0
<abstract>	7	0	46	0	0	0	47373	2	3495	74	0	0	0	9	0	0	1	0	0	0	0
<keyword>	62	0	0	0	0	0	101	1171	72	0	0	0	0	0	0	0	0	0	0	0	0
<intro>	16	2	19	2	5772	45	8193	20	7650	78	2	7	0	0	686	0	0	0	0	0	0
<note>	97	24	351	69	74	14	919	400	729	2952	69	60	20	41	0	12	45	0	102	0	0
<pubnum>	1	3	4	6	1	6	21	0	18	62	758	0	5	2	0	0	0	0	0	0	0
<copyright>	9	0	0	0	48	0	45	0	36	63	4	784	0	12	0	0	8	0	0	0	0
<submission>	5	46	0	0	0	0	0	0	0	43	0	0	651	0	8	0	4	0	0	0	0
<web>	0	0	0	0	0	0	0	0	26	18	0	0	2	773	0	0	2	0	0	0	0
<degree>	22	7	24	66	27	0	8	0	0	110	0	46	0	0	226	0	0	0	0	0	0
<dedication>	0	0	0	0	0	0	0	0	0	15	0	0	0	0	0	13	0	0	0	0	0
<email>	4	5	0	6	13	14	5	0	19	16	7	0	0	2	0	0	1386	0	0	56	0
<date-submission>	0	7	0	0	0	0	0	0	0	4	0	0	29	0	0	0	0	6	0	0	0
<grant>	0	0	0	0	0	0	80	0	0	9	15	20	0	0	0	0	0	0	801	0	0
<phone>	5	0	0	0	0	6	0	0	0	0	0	0	0	0	0	0	22	0	0	116	0
<entitle>	0	0	17	0	0	0	0	0	0	0	0	0	0	0	0	0	0	0	0	0	35


