
===== Token-level results =====


label		accuracy	precision	recall		f1

<title>		99.17		88.85		92.76		90.76
<author>		99.51		94.6		93.75		94.17
<email>		99.8		90.09		95.01		92.48
<affiliation>	99.29		93.18		89.03		91.06
<address>		99.46		89.41		89.13		89.27
<abstract>		91.6		87.77		93.61		90.59
<keyword>		99.81		96.02		91.49		93.7
<pubnum>		99.74		83.98		80.76		82.34
<date>		99.79		85.64		75.24		80.1
<note>		96.33		57.65		61.18		59.37
<submission>	99.79		81.97		88.93		85.31
<intro>		90.81		72.53		57.12		63.91
<web>		99.8		82.28		77.23		79.67
<copyright>		99.39		73.21		61.36		66.76
<reference>		99.12		73.42		81.66		77.32
<grant>		99.77		85.54		86.67		86.11
<date-submission>	99.98		66.67		46.15		54.55
<phone>		99.87		55.56		39.88		46.43
<entitle>		99.94		38.1		29.09		32.99
<degree>		99.87		71.24		67.76		69.46
<dedication>	100		100		100		100

all fields		98.71		84.31		84.31 		84.31	(micro average)
			98.71		79.41		76.09		77.45	(macro average)

===== Field-level results =====

label		accuracy	precision	recall		f1

<title>		97.63		89.45		90.44		89.94
<author>		97.5		92.43		86.48		89.36
<email>		99.51		93.79		95.4		94.59
<affiliation>	96.95		90.7		85.91		88.24
<address>		97.58		90.58		87.41		88.97
<abstract>		98.54		89.36		90.65		90
<keyword>		99.82		98.7		92.68		95.6
<pubnum>		98.88		80.61		76.7		78.61
<date>		98.91		86.47		82.73		84.56
<note>		94.25		58.62		62.73		60.61
<submission>	99.32		82.8		88.51		85.56
<intro>		98.83		79.71		63.95		70.97
<web>		99.43		79.55		72.92		76.09
<copyright>		99.01		83.02		60.27		69.84
<reference>		98.36		76.34		75.76		76.05
<grant>		99.84		80		80		80
<date-submission>	99.92		80		66.67		72.73
<phone>		99.64		55.56		33.33		41.67
<entitle>		99.9		50		25		33.33
<degree>		99.79		72.73		61.54		66.67
<dedication>	100		100		100		100

all fields		98.74		86.14		83.49 		84.79	(micro average)
			98.74		81.45		75.19		77.78	(macro average)

===== Instance-level results =====

Total expected instances: 		500
Correct instances: 		185
Instance-level recall:	37

===== Confusion matrix =====

<title>	4588	21	0	13	0	32	0	0	0	180	1	76	0	0	35	0	0	0	0	0	0
<author>	31	4452	6	87	5	32	0	0	1	84	0	18	0	0	23	0	0	6	0	4	0
<email>	0	2	1372	2	4	35	0	0	0	24	0	0	5	0	0	0	0	0	0	0	0
<affiliation>	40	48	7	4074	96	4	0	0	0	246	0	9	0	3	9	14	0	0	19	7	0
<address>	14	17	14	108	2516	1	0	0	2	101	0	4	13	0	15	0	0	0	7	11	0
<abstract>	37	3	0	0	48	45547	0	3	0	147	1	2811	3	28	29	0	0	0	0	0	0
<keyword>	0	0	0	0	0	35	1591	0	0	18	3	92	0	0	0	0	0	0	0	0	0
<pubnum>	32	1	11	3	2	1	0	676	1	58	0	7	0	0	24	0	0	21	0	0	0
<date>	4	0	0	0	0	0	0	22	465	24	65	10	0	0	18	0	0	10	0	0	0
<note>	231	84	33	20	93	286	66	65	29	3017	67	330	31	125	321	91	0	0	0	42	0
<submission>	0	0	0	0	3	10	0	0	8	45	691	0	2	0	9	0	6	0	0	3	0
<intro>	72	15	0	34	18	5865	0	16	15	697	0	9162	32	26	87	0	0	0	0	0	0
<web>	2	0	15	0	0	0	0	0	0	40	0	24	441	29	5	0	0	15	0	0	0
<copyright>	3	3	0	14	2	13	0	0	0	295	0	32	7	686	35	28	0	0	0	0	0
<reference>	70	44	0	8	26	17	0	14	22	136	2	0	0	40	1688	0	0	0	0	0	0
<grant>	12	0	0	2	0	0	0	0	0	52	0	53	2	0	0	787	0	0	0	0	0
<date-submission>	0	0	0	0	1	0	0	0	0	0	13	0	0	0	0	0	12	0	0	0	0
<phone>	0	0	65	0	0	0	0	9	0	20	0	4	0	0	0	0	0	65	0	0	0
<entitle>	21	0	0	0	0	17	0	0	0	0	0	0	0	0	1	0	0	0	16	0	0
<degree>	7	16	0	7	0	0	0	0	0	49	0	0	0	0	0	0	0	0	0	166	0
<dedication>	0	0	0	0	0	0	0	0	0	0	0	0	0	0	0	0	0	0	0	0	48


