
===== Token-level results =====


label		accuracy	precision	recall		f1

<note>		95.71		46.21		37.2		41.22
<copyright>		99.69		88.26		58.53		70.39
<pubnum>		99.8		79.09		82.16		80.59
<reference>		99.19		71.68		80.48		75.83
<title>		99.17		90.49		88.67		89.57
<author>		99.54		92.61		96.15		94.35
<intro>		88.86		70.01		55.27		61.77
<abstract>		89.93		85.31		92.04		88.55
<affiliation>	99.48		93.23		93.62		93.42
<date>		99.81		74.11		71.26		72.65
<address>		98.9		71.83		90.95		80.27
<submission>	99.86		92.87		86.42		89.53
<keyword>		99.81		92.16		93.63		92.89
<email>		99.77		95.03		88.06		91.41
<web>		99.85		69.45		86.55		77.06
<phone>		99.9		59.27		78.19		67.43
<date-submission>	99.96		66.67		10.53		18.18
<grant>		99.96		100		83.23		90.85
<entitle>		99.91		100		14.29		25
<collaboration>	100		0		0		0
<dedication>	99.98		86.3		81.82		84
<degree>		99.64		5.92		60		10.77

all fields		98.58		81.47		81.47 		81.47	(micro average)
			98.51		77.64		72.81		71.22	(macro average)

===== Field-level results =====

label		accuracy	precision	recall		f1

<note>		94.94		66.41		58.62		62.27
<copyright>		99.36		86.54		70.31		77.59
<pubnum>		99.12		78.21		76.25		77.22
<reference>		98.33		77.85		78.85		78.34
<title>		97.47		89.63		88.3		88.96
<author>		98.3		92.55		91.93		92.24
<intro>		98.53		71.74		66		68.75
<abstract>		97.76		84.18		89.49		86.75
<affiliation>	97.15		92.34		87.24		89.72
<date>		98.99		87.25		76.07		81.28
<address>		98.06		92.68		91.38		92.03
<submission>	99.31		88.78		83.65		86.14
<keyword>		99.61		91.58		91.58		91.58
<email>		99.58		95.1		96.52		95.8
<web>		99.56		75		70.59		72.73
<phone>		99.71		68.42		68.42		68.42
<date-submission>	99.88		66.67		33.33		44.44
<grant>		99.88		100		61.54		76.19
<entitle>		99.85		100		14.29		25
<collaboration>	99.98		0		0		0
<dedication>	99.95		83.33		83.33		83.33
<degree>		99.9		25		50		33.33

all fields		98.87		87.23		84.51 		85.85	(micro average)
			98.82		81.58		72.75		74.86	(macro average)

===== Instance-level results =====

Total expected instances: 		502
Correct instances: 		189
Instance-level recall:	37.65

===== Confusion matrix =====

<note>	2069	8	61	103	246	282	796	1207	81	35	32	10	0	37	116	3	0	0	0	2	0	474
<copyright>	80	511	19	31	0	0	129	93	4	0	0	0	0	0	6	0	0	0	0	0	0	0
<pubnum>	44	11	571	12	11	3	28	0	0	0	2	0	13	0	0	0	0	0	0	0	0	0
<reference>	136	33	18	1744	75	28	54	27	28	0	4	0	12	2	6	0	0	0	0	0	0	0
<title>	251	0	25	26	4869	14	66	195	30	0	3	4	0	0	3	0	3	0	0	0	0	2
<author>	58	0	0	19	8	5248	14	50	34	1	18	1	0	5	1	0	0	0	0	0	0	1
<intro>	1263	0	9	247	39	0	12363	7457	0	0	992	0	0	0	0	0	0	0	0	0	0	0
<abstract>	212	8	0	66	58	35	4114	53509	37	0	0	0	97	1	0	0	0	0	0	0	0	0
<affiliation>	78	0	0	17	12	30	24	53	5064	0	120	1	3	5	2	0	0	0	0	0	0	0
<date>	47	7	7	17	0	4	18	7	0	352	4	31	0	0	0	0	0	0	0	0	0	0
<address>	34	0	0	81	0	22	4	13	130	2	3065	0	0	4	13	2	0	0	0	0	0	0
<submission>	26	1	0	0	13	0	4	17	0	69	0	834	0	1	0	0	0	0	0	0	0	0
<keyword>	42	0	0	20	0	0	8	46	0	0	0	0	1704	0	0	0	0	0	0	0	0	0
<email>	61	0	0	38	0	0	0	17	16	0	12	0	3	1681	3	78	0	0	0	0	0	0
<web>	28	0	0	5	0	0	0	0	0	0	0	0	0	20	341	0	0	0	0	0	0	0
<phone>	0	0	12	7	0	0	0	0	0	0	10	0	0	12	0	147	0	0	0	0	0	0
<date-submission>	0	0	0	0	0	0	0	0	0	16	0	17	0	0	0	18	6	0	0	0	0	0
<grant>	0	0	0	0	0	0	24	15	8	0	5	0	0	1	0	0	0	263	0	0	0	0
<entitle>	42	0	0	0	36	1	0	14	0	0	0	0	17	0	0	0	0	0	20	0	10	0
<collaboration>	0	0	0	0	0	0	0	0	0	0	0	0	0	0	0	0	0	0	0	0	0	0
<dedication>	0	0	0	0	0	0	14	0	0	0	0	0	0	0	0	0	0	0	0	0	63	0
<degree>	6	0	0	0	14	0	0	0	0	0	0	0	0	0	0	0	0	0	0	0	0	30


