
===== Token-level results =====


label		accuracy	precision	recall		f1

<pubnum>		99.71		74.93		83.94		79.18
<date>		99.77		73.98		74.21		74.1
<title>		99.25		90.3		90.02		90.16
<author>		99.63		95.1		94.77		94.94
<abstract>		92.41		88.17		93.49		90.75
<keyword>		99.57		84.88		85.87		85.37
<affiliation>	95.32		43.24		88.4		58.07
<address>		99.5		87.59		89.74		88.65
<email>		99.58		86.38		88.58		87.47
<note>		94.85		35.57		53.19		42.64
<copyright>		99.65		76.94		64.63		70.25
<reference>		99.22		73.32		75.31		74.3
<intro>		86.47		67.35		32.97		44.27
<submission>	99.77		91.32		74.5		82.06
<degree>		99.52		17.57		47.55		25.66
<phone>		99.91		67.65		57.79		62.33
<grant>		99.83		87.88		86.89		87.38
<web>		99.8		75.87		84.96		80.16
<dedication>	99.91		18.67		59.57		28.43
<entitle>		99.93		78.57		24.44		37.29
<collaboration>	100		100		77.78		87.5
<date-submission>	99.98		55		35.48		43.14

all fields		98.34		77.73		77.73 		77.73	(micro average)
			98.34		71.38		71.09		68.82	(macro average)

===== Field-level results =====

label		accuracy	precision	recall		f1

<pubnum>		99.02		81.03		81.03		81.03
<date>		98.67		81.21		79.08		80.13
<title>		97.65		90.33		88.15		89.23
<author>		97.85		92.34		87.68		89.95
<abstract>		98.38		86.2		92.73		89.34
<keyword>		99.58		90.72		89.8		90.26
<affiliation>	96.3		87.16		84.69		85.91
<address>		97.72		90.98		88.67		89.81
<email>		98.82		88.72		90.48		89.59
<note>		94.28		60.31		60.31		60.31
<copyright>		99.27		81.67		69.01		74.81
<reference>		98.23		77.63		71.95		74.68
<intro>		98.51		65.06		58.7		61.71
<submission>	99.36		87.5		81.05		84.15
<degree>		99.76		60		46.15		52.17
<phone>		99.67		62.5		52.63		57.14
<grant>		99.76		82.61		73.08		77.55
<web>		99.51		73.33		76.74		75
<dedication>	99.91		50		50		50
<entitle>		99.87		66.67		28.57		40
<collaboration>	99.98		100		66.67		80
<date-submission>	99.91		66.67		66.67		66.67

all fields		98.73		84.73		82.72 		83.71	(micro average)
			98.73		78.3		71.99		74.52	(macro average)

===== Instance-level results =====

Total expected instances: 		534
Correct instances: 		183
Instance-level recall:	34.27

===== Confusion matrix =====

<pubnum>	831	6	8	2	22	0	8	3	12	56	13	1	28	0	0	0	0	0	0	0	0	0
<date>	15	492	1	0	17	0	0	0	0	70	0	28	14	26	0	0	0	0	0	0	0	0
<title>	5	9	5270	7	89	0	32	0	15	264	0	41	118	3	0	0	0	0	0	0	0	1
<author>	36	0	15	5361	9	0	48	28	1	124	0	28	1	3	3	0	0	0	0	0	0	0
<abstract>	91	0	56	7	56870	31	0	21	96	626	0	73	2807	0	13	0	1	21	108	0	0	8
<keyword>	0	0	23	0	99	1908	0	0	0	0	0	86	106	0	0	0	0	0	0	0	0	0
<affiliation>	0	0	37	50	27	16	4947	203	19	235	0	29	7	0	4	0	0	0	13	9	0	0
<address>	3	1	0	41	8	0	161	2999	11	74	0	28	3	0	0	8	0	5	0	0	0	0
<email>	0	0	3	4	27	0	10	23	2233	153	0	16	0	0	0	47	0	4	1	0	0	0
<note>	59	50	322	38	421	241	79	41	14	2922	126	118	669	23	156	0	126	88	0	0	0	0
<copyright>	1	3	0	0	64	0	0	0	7	57	634	57	131	0	27	0	0	0	0	0	0	0
<reference>	29	40	34	8	59	40	26	41	0	229	44	1720	14	0	0	0	0	0	0	0	0	0
<intro>	10	8	15	111	6666	12	6091	59	118	3115	7	29	8203	0	388	0	0	48	0	0	0	0
<submission>	0	56	0	0	10	0	14	0	30	123	0	28	0	789	0	0	0	9	0	0	0	0
<degree>	0	0	17	8	26	0	13	0	0	53	0	22	0	0	126	0	0	0	0	0	0	0
<phone>	7	0	0	0	0	0	0	6	19	12	0	0	21	0	0	115	0	19	0	0	0	0
<grant>	15	0	0	0	0	0	13	0	1	75	0	0	35	0	0	0	921	0	0	0	0	0
<web>	7	0	3	0	0	0	0	0	9	24	0	42	23	0	0	0	0	610	0	0	0	0
<dedication>	0	0	0	0	19	0	0	0	0	0	0	0	0	0	0	0	0	0	28	0	0	0
<entitle>	0	0	32	0	70	0	0	0	0	0	0	0	0	0	0	0	0	0	0	33	0	0
<collaboration>	0	0	0	0	0	0	0	0	0	2	0	0	0	0	0	0	0	0	0	0	7	0
<date-submission>	0	0	0	0	0	0	0	0	0	0	0	0	0	20	0	0	0	0	0	0	0	11


