
===== Token-level results =====


label		accuracy	precision	recall		f1

<title>		99.27		92.73		90.22		91.46
<author>		99.46		95.32		93.88		94.59
<date>		99.79		78.98		65.5		71.61
<abstract>		91.62		88.63		92.68		90.61
<keyword>		99.59		81.67		88.56		84.98
<pubnum>		99.74		81.18		79.03		80.09
<affiliation>	99.34		93.5		91.67		92.58
<address>		99.41		90.28		89.7		89.99
<email>		99.81		92.58		94.04		93.31
<phone>		99.92		74.61		73.85		74.23
<note>		96.17		54.18		52.76		53.46
<web>		99.8		72.84		84.06		78.05
<reference>		99.31		80.12		83.28		81.67
<degree>		99.93		81.09		81.09		81.09
<intro>		90.73		68.14		60.69		64.2
<submission>	99.85		86.95		90.07		88.48
<copyright>		99.59		86.88		61.56		72.06
<collaboration>	100		100		33.33		50
<entitle>		99.94		60.94		41.49		49.37
<grant>		99.94		90.76		91.89		91.32
<dedication>	99.98		66.67		66.67		66.67
<date-submission>	99.96		21.43		6.67		10.17

all fields		98.78		84.51		84.51 		84.51	(micro average)
			98.78		79.07		73.3		75	(macro average)

===== Field-level results =====

label		accuracy	precision	recall		f1

<title>		97.76		89.92		90.1		90.01
<author>		97.69		91.7		88.13		89.88
<date>		98.73		82.35		73.68		77.78
<abstract>		98.01		86.38		89.3		87.81
<keyword>		99.5		90.91		85.11		87.91
<pubnum>		99.28		87.64		78.79		82.98
<affiliation>	97.15		91.76		87.64		89.66
<address>		97.78		91.37		90.35		90.86
<email>		99.41		92.93		93.88		93.4
<phone>		99.73		66.67		58.82		62.5
<note>		94.99		66.07		67.07		66.57
<web>		99.59		75		78.95		76.92
<reference>		98.6		82.72		79.76		81.21
<degree>		99.84		70.59		85.71		77.42
<intro>		98.71		72.83		67.68		70.16
<submission>	99.46		88.66		86.87		87.76
<copyright>		99.41		85.45		72.31		78.33
<collaboration>	99.95		100		33.33		50
<entitle>		99.89		75		42.86		54.55
<grant>		99.8		72.22		76.47		74.29
<dedication>	99.95		66.67		66.67		66.67
<date-submission>	99.89		50		20		28.57

all fields		98.87		86.83		84.76 		85.78	(micro average)
			98.87		80.76		73.34		75.69	(macro average)

===== Instance-level results =====

Total expected instances: 		532
Correct instances: 		208
Instance-level recall:	39.1

===== Confusion matrix =====

<title>	5150	23	0	137	0	14	14	11	0	0	268	0	38	1	48	4	0	0	0	0	0	0
<author>	23	6239	1	23	8	0	50	56	21	0	160	0	35	7	11	6	6	0	0	0	0	0
<date>	2	6	357	0	0	10	0	1	3	0	49	0	29	1	4	67	5	0	0	0	0	11
<abstract>	35	41	0	53583	134	0	4	3	4	0	249	0	86	0	3652	0	0	0	25	0	0	0
<keyword>	0	0	0	71	1533	34	0	0	1	0	45	0	31	0	16	0	0	0	0	0	0	0
<pubnum>	20	4	0	0	0	686	0	3	0	0	106	0	3	0	46	0	0	0	0	0	0	0
<affiliation>	3	47	0	34	12	0	5425	142	1	0	157	0	10	20	25	0	42	0	0	0	0	0
<address>	3	43	0	6	16	0	150	3511	12	5	93	0	32	3	25	0	5	0	0	10	0	0
<email>	0	5	0	0	7	0	1	5	1784	17	32	10	0	0	26	0	10	0	0	0	0	0
<phone>	0	0	0	0	0	0	0	2	49	144	0	0	0	0	0	0	0	0	0	0	0	0
<note>	174	98	24	427	41	41	135	81	33	0	2912	77	160	5	1221	29	37	0	0	24	0	0
<web>	0	0	0	1	0	23	0	0	3	17	34	464	10	0	0	0	0	0	0	0	0	0
<reference>	48	20	20	49	46	29	10	43	2	10	81	0	2027	0	33	2	0	0	0	0	14	0
<degree>	1	9	0	0	0	0	0	0	0	0	35	0	0	193	0	0	0	0	0	0	0	0
<intro>	68	10	2	6063	80	0	0	19	0	0	768	72	52	0	11016	0	0	0	0	0	0	0
<submission>	0	0	26	22	0	7	0	0	5	0	10	2	3	8	0	753	0	0	0	0	0	0
<copyright>	0	0	3	10	0	1	5	7	8	0	319	12	14	0	44	0	695	0	0	11	0	0
<collaboration>	2	0	0	2	0	0	0	0	0	0	0	0	0	0	0	0	0	2	0	0	0	0
<entitle>	25	0	0	30	0	0	0	0	0	0	0	0	0	0	0	0	0	0	39	0	0	0
<grant>	0	0	0	0	0	0	8	5	1	0	25	0	0	0	0	0	0	0	0	442	0	0
<dedication>	0	0	0	0	0	0	0	0	0	0	14	0	0	0	0	0	0	0	0	0	28	0
<date-submission>	0	0	19	0	0	0	0	0	0	0	18	0	0	0	0	5	0	0	0	0	0	3


